

10 39399369 9.361339
20 43345353 12.869715
30 48145353 17.508129
40 55678409 14.827964
50 61503945 26.956167
60 70352841 29.274503
70 80334281 24.568463
80 91239881 116.926635
90 103204297 320.771153
100 116535241 477.704487

After non generic

10 39401417 19.357018
20 43315145 30.534681
30 48019401 17.231175
40 55338441 57.620249
50 61234633 81.939695
60 69575625 90.687608
70 78968265 135.167230
80 89413577 232.394516
90 100907977 216.366057
100 113550281 23.696422

After removal of EvictInOtherSlices

50 59700681 69.813106
100 108425161 388.656933

After make GetFieldStringValue and GetFieldStringValue non generic 
Fixes #535

50 53928905 56.486943
100 84599753 294.560962
